0 0.326000 0.125333 0.060000 0.085333
0 0.429000 0.138667 0.050000 0.064000
1 0.371000 0.297333 0.102000 0.088000
2 0.369000 0.248000 0.070000 0.080000
3 0.265000 0.169333 0.106000 0.280000
3 0.497000 0.205333 0.078000 0.309333
5 0.549000 0.692000 0.078000 0.098667
5 0.356000 0.840000 0.100000 0.122667
5 0.494000 0.869333 0.104000 0.144000
0 0.710000 0.762667 0.044000 0.042667
0 0.785000 0.769333 0.038000 0.045333
3 0.830000 0.693333 0.060000 0.149333
3 0.664000 0.672000 0.080000 0.133333
2 0.743000 0.898667 0.058000 0.064000
