0 0.423000 0.301887 0.026000 0.045283
0 0.469000 0.313208 0.022000 0.045283
0 0.525000 0.330189 0.026000 0.049057
0 0.345000 0.400000 0.034000 0.052830
2 0.383000 0.454717 0.026000 0.033962
2 0.441000 0.388679 0.034000 0.052830
2 0.496000 0.386792 0.028000 0.056604
3 0.590000 0.311321 0.048000 0.132075
3 0.484000 0.237736 0.044000 0.098113
3 0.290000 0.326415 0.064000 0.086792
3 0.398000 0.249057 0.044000 0.098113
4 0.874000 0.211321 0.096000 0.264151
5 0.849000 0.667925 0.062000 0.083019
5 0.781000 0.635849 0.062000 0.071698
5 0.572000 0.677358 0.060000 0.079245
5 0.492000 0.615094 0.060000 0.083019
5 0.278000 0.630189 0.068000 0.067925
