6 0.304000 0.213904 0.048000 0.074866
6 0.405000 0.207219 0.074000 0.082888
7 0.362000 0.331551 0.168000 0.085561
8 0.354000 0.260695 0.060000 0.072193
9 0.265000 0.093583 0.134000 0.176471
9 0.440000 0.086898 0.108000 0.163102
11 0.307000 0.921123 0.150000 0.136364
11 0.484000 0.923797 0.132000 0.141711
6 0.672000 0.362299 0.052000 0.066845
6 0.755000 0.354278 0.042000 0.082888
7 0.718000 0.454545 0.120000 0.058824
8 0.720000 0.399733 0.052000 0.072193
9 0.608000 0.244652 0.100000 0.114973
9 0.791000 0.204545 0.118000 0.131016
11 0.696000 0.622995 0.092000 0.112299
11 0.768000 0.659091 0.088000 0.125668
