0 0.071000 0.615486 0.038000 0.060367
0 0.146000 0.622047 0.056000 0.062992
1 0.102000 0.725722 0.104000 0.065617
2 0.096000 0.683727 0.048000 0.091864
3 0.032000 0.658793 0.056000 0.194226
3 0.188000 0.628609 0.036000 0.139108
10 0.291000 0.520997 0.070000 0.128609
0 0.349000 0.370079 0.042000 0.057743
0 0.426000 0.380577 0.044000 0.073491
1 0.386000 0.509186 0.120000 0.062992
2 0.379000 0.455381 0.070000 0.076115
3 0.299000 0.375328 0.062000 0.157480
4 0.859000 0.165354 0.258000 0.314961
5 0.378000 0.946194 0.160000 0.107612
5 0.693000 0.774278 0.146000 0.110236
5 0.627000 0.703412 0.110000 0.110236
1 0.575000 0.251969 0.090000 0.073491
3 0.641000 0.171916 0.070000 0.139108
5 0.915000 0.291339 0.058000 0.062992
5 0.829000 0.317585 0.054000 0.068241
