6 0.264529 0.290789 0.048096 0.065789
6 0.344689 0.278947 0.056112 0.073684
7 0.310621 0.393421 0.152305 0.065789
8 0.300601 0.331579 0.048096 0.078947
9 0.244489 0.167105 0.088176 0.160526
9 0.399800 0.155263 0.082164 0.173684
11 0.447896 0.755263 0.110220 0.094737
11 0.336673 0.756579 0.104208 0.092105
6 0.707415 0.107895 0.044088 0.057895
6 0.736473 0.206579 0.058116 0.071053
7 0.651303 0.194737 0.040080 0.105263
8 0.686373 0.161842 0.066132 0.071053
9 0.863727 0.192105 0.104208 0.200000
9 0.775551 0.063158 0.072144 0.121053
