6 0.336673 0.407068 0.064128 0.086387
6 0.432866 0.407068 0.064128 0.075916
7 0.393788 0.501309 0.150301 0.054974
8 0.389780 0.472513 0.050100 0.096859
9 0.299599 0.282723 0.110220 0.120419
9 0.470942 0.268325 0.100200 0.133508
10 0.133267 0.035340 0.130261 0.049738
11 0.452906 0.904450 0.184369 0.138743
11 0.269539 0.708115 0.082164 0.123037
11 0.130261 0.557592 0.116232 0.094241
6 0.628257 0.441099 0.042084 0.060209
6 0.701403 0.454188 0.060120 0.081152
7 0.652305 0.531414 0.182365 0.047120
8 0.661323 0.488220 0.036072 0.075916
9 0.602204 0.332461 0.094188 0.120419
9 0.749499 0.352094 0.120240 0.128272
