6 0.371608 0.768156 0.066806 0.083799
6 0.483299 0.763966 0.073069 0.069832
7 0.444676 0.888268 0.154489 0.050279
8 0.430063 0.821229 0.050104 0.106145
9 0.328810 0.618715 0.127349 0.175978
9 0.525052 0.597765 0.127349 0.189944
10 0.755741 0.828212 0.296451 0.231844
11 0.444676 0.938547 0.183716 0.094972
11 0.335073 0.881285 0.093946 0.131285
6 0.146138 0.196927 0.054280 0.069832
6 0.228601 0.195531 0.048017 0.055866
7 0.201461 0.297486 0.152401 0.053073
2 0.186848 0.238827 0.035491 0.069832
9 0.276618 0.071229 0.110647 0.120112
9 0.108559 0.079609 0.125261 0.136872
11 0.195198 0.743017 0.073069 0.106145
6 0.627349 0.187151 0.048017 0.055866
6 0.697286 0.181564 0.050104 0.072626
7 0.671190 0.272346 0.093946 0.058659
8 0.663883 0.219274 0.041754 0.075419
9 0.726514 0.074022 0.104384 0.125698
9 0.584551 0.097765 0.100209 0.150838
