0 0.528056 0.604222 0.034068 0.052770
0 0.595190 0.605541 0.040080 0.060686
0 0.403808 0.618734 0.034068 0.050132
0 0.334669 0.638522 0.032064 0.052770
1 0.558116 0.725594 0.062124 0.047493
1 0.379760 0.750660 0.082164 0.055409
2 0.374749 0.716359 0.052104 0.039578
2 0.558116 0.695251 0.034068 0.044855
3 0.648297 0.610818 0.046092 0.134565
3 0.459920 0.577836 0.082164 0.158311
3 0.289579 0.605541 0.042084 0.129288
5 0.946894 0.817942 0.086172 0.126649
5 0.894790 0.678100 0.086172 0.121372
5 0.436874 0.955145 0.080160 0.084433
5 0.502004 0.895778 0.062124 0.081794
5 0.626253 0.974934 0.050100 0.050132
5 0.575150 0.969657 0.068136 0.060686
