0 0.356000 0.375000 0.028000 0.055263
0 0.429000 0.378947 0.042000 0.047368
2 0.385000 0.464474 0.054000 0.050000
1 0.385000 0.501316 0.082000 0.034211
3 0.305000 0.373684 0.054000 0.147368
3 0.491000 0.375000 0.054000 0.134211
0 0.075000 0.619737 0.030000 0.039474
0 0.144000 0.625000 0.048000 0.044737
2 0.096000 0.700000 0.056000 0.052632
3 0.211000 0.661842 0.070000 0.202632
3 0.035000 0.653947 0.062000 0.165789
4 0.854000 0.164474 0.264000 0.307895
5 0.599000 0.721053 0.066000 0.052632
5 0.349000 0.956579 0.106000 0.086842
5 0.304000 0.840789 0.056000 0.060526
5 0.679000 0.776316 0.094000 0.089474
4 0.294000 0.510526 0.068000 0.121053
3 0.628000 0.184211 0.084000 0.115789
