6 0.393788 0.679144 0.062124 0.069519
6 0.512024 0.665775 0.054108 0.080214
7 0.461924 0.818182 0.150301 0.053476
8 0.457916 0.712567 0.090180 0.200535
9 0.317635 0.498663 0.154309 0.227273
9 0.575150 0.459893 0.156313 0.229947
6 0.563126 0.300802 0.044088 0.061497
9 0.486974 0.205882 0.112224 0.133690
9 0.657315 0.148396 0.100200 0.173797
6 0.135271 0.427807 0.054108 0.048128
6 0.219439 0.395722 0.054108 0.053476
9 0.061122 0.318182 0.118236 0.144385
9 0.241483 0.245989 0.122244 0.171123
6 0.672345 0.453209 0.050100 0.077540
6 0.760521 0.501337 0.058116 0.066845
9 0.849699 0.389037 0.116232 0.179144
9 0.675351 0.288770 0.096192 0.176471
