0 0.228000 0.582880 0.028000 0.035326
0 0.332000 0.576087 0.032000 0.048913
1 0.287000 0.669837 0.126000 0.078804
0 0.406000 0.362772 0.036000 0.078804
0 0.498000 0.376359 0.040000 0.067935
1 0.446000 0.460598 0.112000 0.084239
0 0.578000 0.336957 0.032000 0.059783
0 0.673000 0.360054 0.034000 0.057065
1 0.620000 0.451087 0.124000 0.114130
0 0.769000 0.330163 0.034000 0.057065
0 0.861000 0.343750 0.046000 0.084239
1 0.791000 0.413043 0.078000 0.070652
3 0.186000 0.505435 0.048000 0.125000
3 0.355000 0.494565 0.042000 0.130435
3 0.369000 0.271739 0.042000 0.119565
3 0.528000 0.311141 0.036000 0.154891
3 0.549000 0.281250 0.038000 0.133152
3 0.712000 0.317935 0.032000 0.130435
3 0.738000 0.237772 0.060000 0.122283
3 0.894000 0.294837 0.048000 0.154891
