6 0.782658 0.384279 0.029279 0.078603
6 0.849099 0.399563 0.049550 0.074236
9 0.761261 0.253275 0.072072 0.157205
9 0.894144 0.279476 0.076577 0.165939
6 0.627252 0.257642 0.038288 0.069869
6 0.686937 0.242358 0.036036 0.074236
9 0.577703 0.150655 0.069820 0.144105
9 0.700450 0.093886 0.081081 0.152838
6 0.125000 0.358079 0.038288 0.078603
6 0.153153 0.253275 0.036036 0.078603
9 0.057432 0.353712 0.083333 0.165939
9 0.103604 0.159389 0.072072 0.144105
7 0.814189 0.510917 0.074324 0.069869
7 0.667793 0.360262 0.110360 0.082969
7 0.194820 0.366812 0.047297 0.165939
