6 0.136000 0.229358 0.048000 0.055046
6 0.065000 0.238532 0.046000 0.067278
7 0.104000 0.319572 0.084000 0.051988
8 0.100000 0.246177 0.056000 0.131498
9 0.170000 0.151376 0.088000 0.149847
9 0.050000 0.157492 0.080000 0.168196
6 0.286000 0.356269 0.044000 0.064220
6 0.223000 0.353211 0.050000 0.051988
7 0.250000 0.431193 0.096000 0.048930
9 0.337000 0.269113 0.090000 0.134557
9 0.215000 0.264526 0.070000 0.113150
6 0.783000 0.455657 0.054000 0.067278
6 0.848000 0.441896 0.032000 0.064220
8 0.817000 0.466361 0.042000 0.125382
9 0.878000 0.255352 0.128000 0.204893
9 0.721000 0.354740 0.074000 0.146789
