0 0.230000 0.579019 0.036000 0.062670
0 0.327000 0.574932 0.030000 0.038147
0 0.408000 0.363760 0.040000 0.062670
0 0.490000 0.380109 0.048000 0.051771
0 0.577000 0.336512 0.042000 0.051771
0 0.671000 0.367847 0.050000 0.049046
0 0.769000 0.332425 0.050000 0.065395
0 0.856000 0.348774 0.052000 0.049046
1 0.437000 0.485014 0.126000 0.043597
1 0.281000 0.689373 0.106000 0.038147
1 0.617000 0.455041 0.178000 0.076294
1 0.801000 0.444142 0.126000 0.065395
2 0.286000 0.659401 0.052000 0.054496
2 0.442000 0.450954 0.068000 0.079019
2 0.624000 0.412807 0.048000 0.057221
2 0.805000 0.407357 0.050000 0.057221
5 0.098000 0.731608 0.108000 0.073569
5 0.289000 0.806540 0.090000 0.087193
5 0.481000 0.752044 0.102000 0.087193
5 0.628000 0.833787 0.132000 0.092643
5 0.742000 0.764305 0.084000 0.122616
5 0.783000 0.696185 0.094000 0.100817
5 0.871000 0.681199 0.078000 0.092643
