0 0.326744 0.622324 0.044186 0.051988
0 0.146512 0.318043 0.032558 0.048930
0 0.087209 0.307339 0.030233 0.039755
0 0.255814 0.605505 0.032558 0.061162
1 0.134884 0.426606 0.116279 0.064220
1 0.302326 0.724771 0.144186 0.085627
2 0.259302 0.678899 0.081395 0.073394
2 0.091860 0.386850 0.062791 0.070336
3 0.208140 0.276758 0.090698 0.131498
3 0.403488 0.561162 0.123256 0.174312
3 0.674419 0.914373 0.093023 0.165138
3 0.867442 0.920489 0.083721 0.159021
4 0.829070 0.519878 0.165116 0.177370
4 0.590698 0.292049 0.079070 0.327217
4 0.390698 0.134557 0.111628 0.183486
4 0.436047 0.065749 0.132558 0.113150
5 0.165116 0.645260 0.088372 0.067278
5 0.645349 0.792049 0.081395 0.091743
5 0.510465 0.402141 0.058140 0.064220
