6 0.091000 0.792781 0.050000 0.061497
6 0.338000 0.348930 0.048000 0.045455
6 0.396000 0.331551 0.036000 0.042781
6 0.450000 0.510695 0.052000 0.053476
6 0.512000 0.513369 0.044000 0.037433
6 0.629000 0.411765 0.058000 0.053476
6 0.703000 0.395722 0.058000 0.048128
7 0.370000 0.413102 0.104000 0.066845
1 0.055000 0.939840 0.106000 0.066845
1 0.673000 0.491979 0.086000 0.053476
1 0.477000 0.580214 0.102000 0.048128
8 0.051000 0.879679 0.058000 0.069519
8 0.680000 0.458556 0.048000 0.050802
8 0.485000 0.557487 0.050000 0.050802
9 0.120000 0.641711 0.100000 0.149733
9 0.282000 0.311497 0.084000 0.120321
9 0.436000 0.272727 0.076000 0.128342
9 0.562000 0.300802 0.100000 0.136364
9 0.714000 0.262032 0.072000 0.128342
11 0.689000 0.770053 0.102000 0.080214
11 0.828000 0.700535 0.068000 0.069519
