6 0.245000 0.416000 0.054000 0.042667
6 0.328000 0.394667 0.048000 0.053333
6 0.502000 0.430667 0.048000 0.056000
6 0.585000 0.428000 0.046000 0.040000
6 0.808000 0.434667 0.052000 0.064000
6 0.888000 0.466667 0.056000 0.042667
7 0.310000 0.524000 0.144000 0.056000
7 0.548000 0.524000 0.120000 0.045333
7 0.848000 0.546667 0.116000 0.080000
8 0.302000 0.486667 0.060000 0.056000
8 0.541000 0.494667 0.054000 0.040000
8 0.838000 0.512000 0.060000 0.074667
9 0.163000 0.313333 0.142000 0.146667
9 0.373000 0.269333 0.110000 0.197333
9 0.471000 0.325333 0.094000 0.165333
9 0.619000 0.321333 0.114000 0.178667
9 0.795000 0.290667 0.098000 0.144000
9 0.950000 0.380000 0.100000 0.168000
11 0.380000 0.629333 0.116000 0.090667
11 0.394000 0.708000 0.132000 0.136000
11 0.554000 0.716000 0.132000 0.088000
