0 0.282000 0.461230 0.040000 0.040107
0 0.215000 0.459893 0.022000 0.037433
0 0.568000 0.463904 0.060000 0.061497
0 0.453000 0.459893 0.038000 0.048128
1 0.230000 0.572193 0.088000 0.037433
1 0.492000 0.609626 0.108000 0.064171
2 0.195000 0.530749 0.046000 0.045455
2 0.474000 0.550802 0.068000 0.069519
3 0.377000 0.433155 0.094000 0.112299
3 0.220000 0.370321 0.080000 0.098930
3 0.696000 0.415775 0.144000 0.104278
4 0.761000 0.839572 0.294000 0.203209
5 0.703000 0.957219 0.086000 0.074866
5 0.604000 0.915775 0.064000 0.088235
5 0.256000 0.818182 0.064000 0.048128
