0 0.568750 0.364903 0.033333 0.027855
0 0.638542 0.410864 0.027083 0.036212
0 0.403125 0.472145 0.031250 0.025070
0 0.483333 0.440111 0.037500 0.027855
1 0.557292 0.487465 0.064583 0.055710
1 0.463542 0.575209 0.102083 0.025070
2 0.463542 0.550139 0.056250 0.041783
2 0.570833 0.438719 0.045833 0.041783
3 0.354167 0.353760 0.087500 0.105850
3 0.564583 0.288301 0.058333 0.075209
3 0.708333 0.405292 0.066667 0.119777
3 0.495833 0.334262 0.070833 0.105850
4 0.414583 0.846797 0.229167 0.122563
5 0.583333 0.736769 0.079167 0.069638
5 0.530208 0.768802 0.089583 0.061281
