0 0.327000 0.569482 0.026000 0.054496
0 0.235000 0.589918 0.042000 0.057221
1 0.291000 0.693460 0.106000 0.051771
2 0.289000 0.649864 0.054000 0.073569
3 0.349000 0.493188 0.062000 0.119891
3 0.192000 0.504087 0.056000 0.125341
1 0.441000 0.480926 0.110000 0.057221
3 0.526000 0.325613 0.040000 0.160763
3 0.379000 0.291553 0.074000 0.141689
0 0.676000 0.363760 0.040000 0.051771
0 0.580000 0.346049 0.036000 0.076294
1 0.624000 0.467302 0.100000 0.062670
3 0.705000 0.321526 0.054000 0.130790
3 0.557000 0.283379 0.038000 0.114441
0 0.864000 0.361035 0.044000 0.057221
0 0.764000 0.332425 0.020000 0.043597
1 0.811000 0.444142 0.102000 0.049046
3 0.898000 0.288828 0.052000 0.141689
3 0.750000 0.227520 0.060000 0.089918
