0 0.533066 0.384000 0.028056 0.048000
0 0.583166 0.398667 0.032064 0.056000
1 0.548096 0.482667 0.078156 0.042667
2 0.535070 0.460000 0.040080 0.056000
3 0.635271 0.369333 0.056112 0.093333
3 0.518036 0.340000 0.062124 0.056000
4 0.112224 0.073333 0.188377 0.109333
5 0.417836 0.540000 0.070140 0.072000
4 0.486974 0.424000 0.072144 0.085333
5 0.272545 0.313333 0.056112 0.045333
5 0.179359 0.337333 0.046092 0.045333
5 0.420842 0.394667 0.064128 0.053333
5 0.452906 0.741333 0.080160 0.090667
5 0.408818 0.706667 0.080160 0.064000
5 0.469940 0.553333 0.070140 0.056000
