6 0.759000 0.309333 0.062000 0.069333
6 0.660000 0.286667 0.056000 0.072000
6 0.467000 0.348000 0.062000 0.066667
6 0.341000 0.358667 0.058000 0.072000
7 0.692000 0.434667 0.116000 0.080000
7 0.397000 0.476000 0.118000 0.066667
8 0.403000 0.438667 0.070000 0.061333
8 0.701000 0.398667 0.066000 0.072000
9 0.287000 0.166667 0.146000 0.248000
9 0.489000 0.149333 0.146000 0.202667
9 0.603000 0.085333 0.150000 0.165333
9 0.838000 0.117333 0.140000 0.202667
11 0.573000 0.902667 0.142000 0.157333
11 0.631000 0.636000 0.130000 0.157333
